1598653533000,0052,36644,京S37141,20.6,146,03
1598655462000,0014,53126,京S37141,5.6,830,06
1598654776000,0058,14725,京S37141,19.8,318,06
1598652566000,0076,38325,京S37141,6.9,978,00
1598654040000,0094,35456,京S37141,33.9,269,07
1598652729000,0002,04757,京S37141,45.1,487,03
1598652374000,0034,88241,京S37141,54.0,343,03
1598654801000,0006,13467,京S37141,30.6,057,02
1598653568000,0037,69774,京S37141,65.4,812,07
1598652318000,0076,70071,京S37141,73.3,050,01
1598652555000,0006,73328,京S37141,3.2,450,01
1598653602000,0064,96748,京S37141,34.2,981,00
1598652778000,0056,37496,京S37141,1.4,179,01
1598653724000,0093,62020,京S37141,81.6,860,00
1598653122000,0046,05910,京S37141,98.9,391,02
1598652395000,0029,86660,京S37141,41.5,464,02
1598655297000,0091,82284,京S37141,51.4,155,06
1598655531000,0085,64262,京S37141,72.3,525,02
1598654003000,0035,51351,京S37141,19.7,635,00
1598652986000,0078,51886,京S37141,9.0,279,07
1598654636000,0021,26262,京S37141,192.5,370,01
1598654992000,0009,48379,京S37141,68.8,389,05
1598652492000,0048,00652,京S37141,19.0,284,04
1598652080000,0091,32935,京S37141,73.8,129,03
1598652025000,0014,71592,京S37141,9.1,974,02
1598654695000,0000,48114,京S37141,16.2,161,03
1598652951000,0049,64972,京S37141,59.2,770,06
1598652488000,0034,60319,京S37141,26.1,189,01
1598654650000,0089,20467,京S37141,17.6,169,00
1598658016000,0015,03946,京S37141,31.9,477,07
1598658885000,0020,10100,京S37141,25.8,566,06
1598656895000,0060,75960,京S37141,102.6,454,07
1598657542000,0020,27052,京S37141,137.7,628,04
1598655763000,0046,83318,京S37141,9.6,002,03
1598658407000,0083,27201,京S37141,67.6,301,02
1598656528000,0082,38566,京S37141,62.2,537,02
1598658240000,0072,32105,京S37141,18.5,920,02
1598655814000,0025,90972,京S37141,47.8,872,05
1598656323000,0097,76529,京S37141,18.0,677,06
1598658016000,0046,58702,京S37141,51.0,869,04
1598657605000,0018,28354,京S37141,55.5,551,04
1598658954000,0096,02001,京S37141,62.8,811,06
1598656730000,0033,54054,京S37141,88.1,125,02
1598658430000,0004,25065,京S37141,180.6,808,01
1598656701000,0086,85361,京S37141,95.7,101,06
1598656096000,0012,54079,京S37141,18.1,657,07
1598658270000,0018,64387,京S37141,39.6,528,07
1598657383000,0023,60126,京S37141,26.8,119,00
1598656989000,0071,57458,京S37141,23.7,580,03
1598657320000,0008,44993,京S37141,142.5,873,07
1598658112000,0058,66541,京S37141,154.6,344,00
1598657418000,0066,77707,京S37141,71.6,493,05
1598657180000,0072,13636,京S37141,118.9,754,06
1598657519000,0042,09730,京S37141,83.5,708,04
1598657389000,0036,06988,京S37141,2.7,686,00
1598656627000,0096,75678,京S37141,14.8,001,07
1598656917000,0079,99879,京S37141,92.1,467,02
1598657024000,0048,82786,京S37141,72.0,654,00
1598656659000,0015,76648,京S37141,74.3,095,03
1598661218000,0072,04693,京S37141,3.2,844,04
1598660001000,0009,95004,京S37141,72.3,908,03
1598661301000,0003,33265,京S37141,38.5,540,01
1598659572000,0085,71405,京S37141,67.2,367,07
1598661080000,0054,29346,京S37141,98.9,087,01
1598660136000,0040,65673,京S37141,102.6,068,07
1598662673000,0036,53779,京S37141,51.3,094,07
1598659657000,0073,92520,京S37141,67.1,024,06
1598661203000,0061,17481,京S37141,11.9,239,00
1598662216000,0022,71795,京S37141,74.7,620,06
1598660659000,0027,78971,京S37141,56.4,813,05
1598661831000,0050,52489,京S37141,44.7,682,03
1598659541000,0052,08864,京S37141,169.6,371,05
1598661643000,0075,15075,京S37141,32.6,375,02
1598659495000,0071,18384,京S37141,10.1,933,05
1598662603000,0086,58399,京S37141,63.0,084,03
1598661952000,0022,83823,京S37141,31.5,635,03
1598659328000,0012,29410,京S37141,54.8,017,04
1598672828000,0008,06268,京P23498,9.2,108,04
1598673326000,0065,75778,京P23498,67.0,241,02
1598671878000,0008,16515,京P23498,104.8,577,00
1598670307000,0008,70898,京P23498,35.6,841,01
1598670710000,0035,98907,京P23498,108.1,283,03
1598672334000,0005,01404,京P23498,32.2,512,04
1598670661000,0079,83888,京P23498,85.0,477,06
1598670934000,0043,19969,京P23498,129.0,830,03
1598672028000,0078,65662,京P23498,26.5,164,04
1598672622000,0020,32910,京P23498,12.4,697,03
1598671148000,0089,77384,京P23498,22.0,125,05
1598670411000,0017,52026,京P23498,67.6,248,00
1598671387000,0064,13103,京P23498,78.9,018,05
1598670928000,0043,36020,京P23498,21.6,603,05
1598673135000,0006,59301,京P23498,48.3,793,06
1598670872000,0031,03779,京P23498,18.0,242,04
1598671774000,0048,82408,京P23498,57.5,194,02
1598672504000,0096,63885,京P23498,90.3,111,07
1598672223000,0077,44596,京P23498,145.5,155,01
1598670427000,0026,13602,京P23498,68.3,914,01
1598672617000,0093,38745,京P23498,40.3,817,00
1598671171000,0056,62393,京P23498,1.6,536,02
1598671578000,0051,42740,京P23498,92.6,125,03
1598671385000,0079,89792,京P23498,32.0,528,04
1598673456000,0043,23937,京P23498,104.6,729,01
1598672580000,0094,41178,京P23498,11.4,587,04
1598673408000,0009,07285,京P23498,56.7,974,03
1598671531000,0042,63113,京P23498,43.7,583,03
1598673056000,0044,75153,京P23498,16.3,643,02
1598675970000,0022,44308,京P23498,99.4,695,04
1598674355000,0062,73370,京P23498,110.3,612,07
1598675863000,0045,37707,京P23498,56.7,913,03
1598674775000,0088,24781,京P23498,61.1,837,05
1598675718000,0004,22221,京P23498,106.0,501,04
1598676811000,0059,00375,京P23498,139.2,506,06
1598675922000,0099,63475,京P23498,33.1,534,00
1598674471000,0082,10219,京P23498,63.6,284,02
1598676151000,0099,91374,京P23498,33.0,496,03
1598676409000,0044,69076,京P23498,86.4,962,01
1598674319000,0005,62708,京P23498,60.6,989,02
1598676286000,0057,69714,京P23498,82.6,114,07
1598676085000,0071,97953,京P23498,14.0,828,02
1598676406000,0001,10537,京P23498,82.0,810,02
1598674281000,0017,97440,京P23498,24.2,775,01
1598675721000,0020,89149,京P23498,114.4,671,06
1598675876000,0076,98257,京P23498,67.5,153,05
1598674244000,0033,24289,京P23498,20.8,506,06
1598674707000,0046,63053,京P23498,12.9,842,02
1598673704000,0067,41334,京P23498,107.4,146,05
1598675068000,0017,56782,京P23498,21.3,712,03
1598675513000,0018,06168,京P23498,46.0,322,07
1598673969000,0006,20338,京P23498,118.0,482,04
1598676026000,0081,37820,京P23498,14.0,704,04
1598675375000,0031,74407,京P23498,106.9,843,03
1598677022000,0068,01310,京P23498,13.4,991,04
1598675759000,0069,14408,京P23498,139.8,272,05
1598675072000,0024,43070,京P23498,99.8,738,01
1598676568000,0067,42542,京P23498,24.3,103,01
1598676689000,0010,33938,京P23498,143.1,197,07
1598712686000,0041,00665,京S04791,97.2,838,00
1598711697000,0035,89304,京S04791,15.4,916,07
1598711543000,0026,51449,京S04791,98.3,464,03
1598711781000,0029,54567,京S04791,28.6,483,01
1598711708000,0011,32846,京S04791,34.7,439,01
1598710031000,0085,01911,京S04791,26.1,895,05
1598709720000,0086,82426,京S04791,33.1,195,02
1598711048000,0004,12095,京S04791,144.8,320,03
1598710077000,0029,08986,京S04791,94.4,796,00
1598712286000,0086,66186,京S04791,68.9,786,01
1598710680000,0030,04872,京S04791,30.9,160,06
1598711814000,0064,34130,京S04791,70.5,098,00
1598712617000,0087,65729,京S04791,61.4,124,00
1598711060000,0027,70483,京S04791,89.7,908,00
1598710392000,0063,11567,京S04791,15.0,788,03
1598711477000,0037,94531,京S04791,14.8,389,03
1598713054000,0048,62346,京S04791,40.1,096,01
1598712308000,0010,14694,京S04791,109.2,168,02
1598712232000,0070,60096,京S04791,69.0,596,05
1598712314000,0026,36295,京S04791,100.2,352,02
1598710074000,0005,59996,京S04791,21.1,731,05
1598712406000,0086,61803,京S04791,13.2,217,06
1598711220000,0011,47787,京S04791,7.2,319,02
1598709673000,0051,64903,京S04791,23.9,891,07
1598713092000,0057,28897,京S04791,3.4,305,07
1598710831000,0065,66234,京S04791,69.5,348,03
1598712119000,0063,96291,京S04791,66.9,697,03
1598711562000,0069,39868,京S04791,16.3,912,00
1598711565000,0044,82823,京S04791,24.1,010,01
1598714984000,0086,01181,京S04791,44.3,071,04
1598716037000,0011,29118,京S04791,53.4,492,06
1598715633000,0013,69138,京S04791,16.2,668,06
1598714390000,0004,19323,京S04791,59.9,086,01
1598714011000,0066,04530,京S04791,99.1,526,00
1598715149000,0091,37076,京S04791,2.4,136,01
1598716714000,0006,00103,京S04791,16.0,821,00
1598714335000,0023,93837,京S04791,68.4,009,07
1598715890000,0003,32935,京S04791,17.5,324,06
1598714666000,0085,41340,京S04791,11.2,483,06
1598715872000,0003,36490,京S04791,9.4,325,07
1598714608000,0048,84559,京S04791,67.6,400,03
1598715122000,0080,22109,京S04791,120.0,269,03
1598714865000,0084,15794,京S04791,54.3,271,07
1598716672000,0006,52732,京S04791,43.3,164,06
1598716063000,0054,31446,京S04791,28.1,217,04
1598716372000,0055,72614,京S04791,98.0,265,02
1598713375000,0022,96661,京S04791,131.3,074,06
1598714653000,0012,17043,京S04791,109.6,176,01
1598715438000,0061,21880,京S04791,42.1,229,05
1598713868000,0094,84264,京S04791,68.0,033,04
1598715317000,0035,30465,京S04791,58.1,488,05
1598715748000,0004,11666,京S04791,25.4,704,00
1598689063000,0039,79912,京P09810,106.5,020,06
1598688290000,0050,50117,京P09810,15.3,995,00
1598689578000,0078,34672,京P09810,68.6,324,05
1598690158000,0017,92926,京P09810,31.8,135,04
1598688426000,0039,38485,京P09810,26.1,697,03
1598688489000,0012,59114,京P09810,47.2,903,06
1598690808000,0058,13768,京P09810,186.9,509,04
1598691492000,0002,06919,京P09810,111.9,009,00
1598688712000,0030,77710,京P09810,4.9,764,06
1598690600000,0016,97878,京P09810,108.3,837,05
1598691450000,0057,36075,京P09810,44.8,544,06
1598690372000,0007,27315,京P09810,117.3,786,03
1598689831000,0018,16291,京P09810,62.7,348,01
1598689959000,0038,40430,京P09810,47.3,014,06
1598688336000,0084,05092,京P09810,56.2,904,02
1598691423000,0056,69564,京P09810,43.9,039,03
1598689984000,0007,16072,京P09810,87.5,789,05
1598690154000,0088,90990,京P09810,79.3,090,02
1598690000000,0017,22431,京P09810,38.0,549,02
1598688634000,0013,50219,京P09810,8.5,223,02
1598689757000,0006,55473,京P09810,83.8,761,01
1598691369000,0061,32705,京P09810,15.0,496,03
1598655741000,0069,64191,豫F83865,87.6,790,06
1598656223000,0056,94443,豫F83865,27.6,002,05
1598657249000,0082,92145,豫F83865,78.4,711,05
1598657287000,0069,51150,豫F83865,16.6,373,02
1598659066000,0049,77933,豫F83865,88.8,100,02
1598656708000,0056,30507,豫F83865,82.8,943,05
1598657355000,0046,84647,豫F83865,95.3,717,02
1598657707000,0030,63678,豫F83865,45.8,174,06
1598658610000,0047,11056,豫F83865,2.5,265,00
1598658602000,0031,00875,豫F83865,54.7,659,04
1598658520000,0050,62326,豫F83865,135.8,475,01
1598657382000,0008,13174,豫F83865,17.9,411,05
1598656065000,0088,40911,豫F83865,55.5,418,00
1598658199000,0082,73080,豫F83865,36.0,613,04
1598656118000,0084,21437,豫F83865,94.5,476,01
1598658514000,0023,33461,豫F83865,11.6,047,01
1598655885000,0042,96660,豫F83865,82.8,391,03
1598656686000,0087,41586,豫F83865,33.7,613,00
1598658061000,0077,69152,豫F83865,83.2,653,07
1598658403000,0072,65547,豫F83865,71.2,911,05
1598656696000,0003,62250,豫F83865,142.8,682,03
1598655995000,0038,13226,豫F83865,4.4,254,02
1598658042000,0014,28193,豫F83865,25.3,165,05
1598656287000,0053,42651,豫F83865,97.5,283,03
1598658238000,0029,82078,豫F83865,83.6,456,00
1598658518000,0042,16548,豫F83865,43.2,011,02
1598658044000,0015,24200,豫F83865,120.8,444,00
1598655677000,0013,93722,豫F83865,8.8,036,06
1598658998000,0013,70175,豫F83865,48.9,333,05
1598661740000,0093,88854,豫F83865,91.4,597,06
1598660328000,0075,16540,豫F83865,7.7,991,05
1598661116000,0018,38286,豫F83865,107.6,517,04
1598660292000,0076,86878,豫F83865,22.5,619,02
1598661714000,0092,02503,豫F83865,41.4,963,00
1598661771000,0026,14152,豫F83865,3.4,129,06
1598659484000,0033,75248,豫F83865,154.2,884,01
1598661035000,0097,19535,豫F83865,61.8,010,07
1598660644000,0056,85842,豫F83865,56.4,207,02
1598662129000,0088,34360,豫F83865,92.3,578,00
1598661986000,0074,20875,豫F83865,30.4,265,00
1598661991000,0003,85831,豫F83865,7.4,648,03
1598662690000,0027,31169,豫F83865,6.4,006,07
1598661639000,0052,43483,豫F83865,47.7,802,03
1598659419000,0030,43611,豫F83865,100.7,997,04
1598660574000,0020,09436,豫F83865,39.4,673,05
1598660431000,0090,87635,豫F83865,75.5,774,03
1598660349000,0027,89823,豫F83865,162.4,965,04
1598662132000,0080,45392,豫F83865,18.4,195,00
1598659298000,0096,76489,豫F83865,26.6,198,04
1598661020000,0065,85047,豫F83865,91.6,384,01
1598660899000,0067,42552,豫F83865,27.0,807,05
1598662642000,0025,64585,豫F83865,46.8,801,04
1598660083000,0016,96840,豫F83865,53.7,888,04
1598660548000,0083,17135,豫F83865,33.8,119,03
1598661366000,0000,84057,豫F83865,111.7,088,01
1598661574000,0089,69274,豫F83865,21.4,638,07
1598662020000,0080,38390,豫F83865,120.8,340,06
1598659301000,0032,46799,豫F83865,90.8,222,06
1598661354000,0087,55993,豫F83865,67.3,976,02
1598663420000,0024,19047,豫F83865,60.6,284,06
1598663430000,0018,69875,豫F83865,22.0,272,05
1598665304000,0005,05820,豫F83865,159.0,740,00
1598664137000,0086,97137,豫F83865,105.9,035,00
1598662830000,0034,54822,豫F83865,54.2,333,01
1598662838000,0033,50368,豫F83865,94.3,307,03
1598665296000,0084,96494,豫F83865,32.9,249,05
1598664205000,0058,29881,豫F83865,32.4,108,03
1598666265000,0052,51458,豫F83865,79.6,569,02
1598664782000,0084,87840,豫F83865,89.6,016,01
1598664569000,0058,03502,豫F83865,158.9,273,02
1598675465000,0062,60785,京M54270,71.5,889,02
1598674073000,0015,20808,京M54270,3.1,543,02
1598676564000,0047,31056,京M54270,106.3,128,05
1598676079000,0018,40122,京M54270,12.4,370,02
1598675591000,0059,61499,京M54270,80.0,188,03
1598674128000,0031,92498,京M54270,67.6,650,00
1598676968000,0062,48463,京M54270,140.6,476,06
1598676519000,0004,88278,京M54270,59.5,956,00
1598675411000,0021,01176,京M54270,73.8,114,06
1598676651000,0031,71336,京M54270,84.2,829,04
1598675396000,0097,61748,京M54270,63.3,353,07
1598675025000,0033,55837,京M54270,37.1,181,05
1598689851000,0067,59483,京P81130,93.2,254,03
1598689018000,0025,50361,京P81130,13.6,162,01
1598688302000,0039,09127,京P81130,52.6,994,00
1598688429000,0066,84664,京P81130,119.2,291,04
1598688466000,0036,41213,京P81130,57.5,944,01
1598691413000,0078,86209,京P81130,140.0,367,06
1598688214000,0060,73773,京P81130,62.7,742,02
1598688462000,0068,45550,京P81130,94.5,095,03
1598690544000,0048,28317,京P81130,122.5,278,04
1598688803000,0035,03401,京P81130,41.2,177,04
1598690637000,0060,34893,京P81130,80.5,085,04
1598690308000,0002,57031,京P81130,24.7,894,05
1598688102000,0011,11578,京P81130,18.1,296,01
1598689468000,0050,82044,京P81130,50.5,523,01
1598688171000,0035,27980,京P81130,75.9,972,06
1598689589000,0043,45105,京P81130,87.5,982,02
1598690777000,0000,42484,京P81130,106.4,072,04
1598688498000,0093,20026,京P81130,7.0,528,05
1598690998000,0049,71510,京P81130,42.2,371,06
1598689552000,0043,02956,京P81130,72.2,161,06
1598688713000,0044,80685,京P81130,66.5,677,05
1598688016000,0026,13524,京P81130,51.3,213,07
1598690539000,0024,49748,京P81130,53.8,860,02
1598690409000,0084,10986,京P81130,33.1,121,05
1598691070000,0021,14761,京P81130,3.9,853,01
1598689350000,0080,00587,京P81130,29.8,513,04
1598688593000,0036,29652,京P81130,95.1,499,01
1598689064000,0010,77357,京P81130,30.8,282,06
1598689165000,0093,81870,京P81130,42.5,456,01
1598692454000,0024,99413,京P81130,9.8,031,01
1598694531000,0081,91334,京P81130,54.8,711,02
1598693469000,0099,04781,京P81130,69.0,586,02
1598694787000,0029,07429,京P81130,71.6,011,02
1598692895000,0061,52857,京P81130,7.3,417,03
1598694333000,0077,41753,京P81130,58.0,030,00
1598691716000,0061,19663,京P81130,56.1,883,02
1598691678000,0027,54232,京P81130,37.7,841,02
1598692269000,0085,14862,京P81130,108.0,453,01
1598692526000,0024,85347,京P81130,54.1,292,04
1598694193000,0084,30671,京P81130,14.4,150,03
1598692582000,0041,59122,京P81130,96.9,873,02
1598692473000,0062,58304,京P81130,15.3,987,01
1598692009000,0087,21143,京P81130,70.5,003,00
1598694823000,0005,72984,京P81130,6.6,560,03
1598694756000,0028,33186,京P81130,69.4,270,04
1598692428000,0042,52236,京P81130,49.7,380,07
1598694043000,0093,73357,京P81130,93.6,258,01
1598694892000,0018,40263,京P81130,42.7,983,02
1598694959000,0086,39865,京P81130,129.2,816,05
1598695187000,0013,45984,京P81130,117.4,619,03
1598694818000,0026,11166,京P81130,54.3,457,06
1598695161000,0080,58221,京P81130,8.3,500,03
1598692142000,0041,83400,京P81130,41.8,079,04
1598694394000,0082,51933,京P81130,92.1,829,05
1598692806000,0052,06181,京P81130,63.0,321,06
1598695181000,0004,57610,京P81130,49.6,641,00
1598693358000,0030,09956,京P81130,110.5,335,03
1598694092000,0002,38197,京P81130,21.2,747,05
1598693118000,0069,63264,京P81130,45.3,831,03
1598696490000,0047,51667,京P81130,79.3,219,06
1598696035000,0032,69475,京P81130,35.2,083,04
1598697240000,0022,22285,京P81130,33.4,678,00
1598697503000,0021,31789,京P81130,20.5,017,03
1598659376000,0056,14659,京W86263,92.4,738,02
1598662354000,0025,40508,京W86263,42.3,840,05
1598661641000,0030,28293,京W86263,41.0,914,05
1598661540000,0088,48672,京W86263,79.6,500,07
1598662384000,0098,48830,京W86263,10.1,131,04
1598660395000,0040,35011,京W86263,25.1,664,01
1598660604000,0025,03037,京W86263,101.3,268,03
1598661563000,0087,24276,京W86263,10.9,589,00
1598661590000,0068,37086,京W86263,19.6,071,02
1598662615000,0042,56700,京W86263,24.2,719,00
1598661411000,0022,18563,京W86263,41.4,936,07
1598661643000,0037,73500,京W86263,83.2,288,02
1598661794000,0086,20201,京W86263,14.2,194,07
1598660104000,0064,96186,京W86263,25.2,635,05
1598660909000,0036,12062,京W86263,59.9,846,02
1598662375000,0067,17026,京W86263,60.1,464,00
1598660412000,0084,60536,京W86263,145.8,593,04
1598660878000,0040,26256,京W86263,41.4,823,07
1598662004000,0014,50633,京W86263,53.8,632,06
1598660949000,0058,41458,京W86263,9.8,588,03
1598660183000,0037,08342,京W86263,50.9,083,05
1598661937000,0033,52210,京W86263,64.7,791,02
1598660559000,0061,89071,京W86263,115.2,691,07
1598662667000,0081,50873,京W86263,79.7,550,06
1598662187000,0088,30048,京W86263,77.1,426,02
1598660404000,0009,45112,京W86263,74.3,921,01
1598660825000,0041,15821,京W86263,116.3,534,05
1598661545000,0077,38441,京W86263,48.3,721,00
1598661377000,0058,91811,京W86263,16.5,394,04
1598664511000,0024,76891,京W86263,90.1,669,02
1598665311000,0036,36755,京W86263,87.1,721,07
1598665680000,0028,45748,京W86263,73.6,841,06
1598665761000,0090,58594,京W86263,1.6,359,07
1598662900000,0083,35703,京W86263,24.8,596,01
1598665440000,0087,28355,京W86263,62.0,597,07
1598665919000,0002,37357,京W86263,3.0,278,02
1598666010000,0046,13517,京W86263,88.0,057,05
1598664776000,0063,20424,京W86263,5.3,755,05
1598663085000,0044,28401,京W86263,58.6,641,03
1598665144000,0012,79562,京W86263,45.3,136,04
1598666015000,0044,52011,京W86263,128.8,250,06
1598663450000,0039,55053,京W86263,43.0,968,03
1598665938000,0011,10754,京W86263,70.2,769,03
1598662850000,0089,72197,京W86263,91.9,986,03
1598664810000,0014,28082,京W86263,71.5,997,03
1598664860000,0086,55369,京W86263,31.4,954,00
1598664501000,0097,17006,京W86263,54.8,791,04
1598665811000,0015,99191,京W86263,97.1,097,00
1598665135000,0095,74475,京W86263,59.5,328,05
1598663880000,0031,91934,京W86263,52.1,324,01
1598664777000,0069,82142,京W86263,21.9,373,01
1598666150000,0065,78237,京W86263,36.8,189,04
1598663576000,0061,82575,京W86263,14.2,401,03
1598665135000,0095,58128,京W86263,73.7,880,00
1598665415000,0054,01551,京W86263,38.0,207,07
1598666189000,0052,56468,京W86263,56.7,262,02
1598664658000,0093,55693,京W86263,41.8,531,03
1598663167000,0076,36617,京W86263,117.6,383,07
1598663525000,0039,79118,京W86263,20.8,389,00
1598667410000,0052,70365,京W86263,26.7,046,06
1598666541000,0002,23234,京W86263,3.6,513,06
1598668277000,0089,50576,京W86263,4.5,134,07
1598668645000,0035,62651,京W86263,91.4,661,05
1598668689000,0078,67897,京W86263,1.9,860,04
1598633292000,0026,20119,京Q39503,69.8,737,02
1598630681000,0040,68946,京Q39503,85.0,969,06
1598631828000,0043,21765,京Q39503,78.0,826,07
1598633892000,0047,66981,京Q39503,42.2,659,00
1598633372000,0094,07716,京Q39503,41.8,799,02
1598632573000,0085,31547,京Q39503,43.3,076,06
1598632941000,0041,18392,京Q39503,97.2,530,03
1598631930000,0045,58971,京Q39503,126.5,404,06
1598633866000,0034,70315,京Q39503,15.0,511,01
1598633641000,0068,33537,京Q39503,30.3,190,00
1598641010000,0099,77592,皖W19575,81.4,813,03
1598639188000,0092,95649,皖W19575,13.5,418,03
1598640829000,0047,05676,皖W19575,51.7,722,00
1598639719000,0003,46776,皖W19575,36.2,938,07
1598690818000,0029,98381,皖Z52390,37.0,883,02
1598691520000,0044,70491,皖Z52390,46.3,944,01
1598689138000,0048,06153,皖Z52390,42.5,765,03
1598690164000,0012,06989,皖Z52390,29.0,819,01
1598689389000,0015,60645,皖Z52390,92.3,664,02
1598688484000,0071,19754,皖Z52390,18.4,981,04
1598688988000,0008,03602,皖Z52390,31.1,498,05
1598689144000,0006,67807,皖Z52390,9.7,222,04
1598689772000,0029,77123,皖Z52390,32.7,456,05
1598688508000,0016,45473,皖Z52390,80.9,763,06
1598691014000,0069,87230,皖Z52390,75.0,894,03
1598689077000,0004,44973,皖Z52390,108.3,265,06
1598689565000,0058,37686,皖Z52390,5.4,776,07
1598689393000,0043,99767,皖Z52390,8.9,371,01
1598691509000,0056,35069,皖Z52390,96.9,960,04
1598690622000,0049,67272,皖Z52390,45.1,792,07
1598688171000,0039,79679,皖Z52390,124.3,645,07
1598688561000,0089,90697,皖Z52390,52.3,276,06
1598690668000,0062,12049,皖Z52390,5.1,308,00
1598689271000,0092,33925,皖Z52390,51.7,499,01
1598691592000,0027,64080,皖Z52390,68.9,278,06
1598689033000,0051,89843,皖Z52390,11.4,365,06
1598690361000,0088,93742,皖Z52390,80.0,014,03
1598688697000,0065,09402,皖Z52390,51.2,513,07
1598691556000,0024,70223,皖Z52390,1.8,413,07
1598690851000,0096,08053,皖Z52390,48.2,858,03
1598689920000,0016,11865,皖Z52390,61.5,291,05
1598689854000,0016,59230,皖Z52390,48.8,375,02
1598709426000,0029,86223,皖T79789,66.0,565,05
1598707965000,0069,81738,皖T79789,86.0,982,05
1598706638000,0008,04217,皖T79789,123.1,186,07
1598707051000,0025,46875,皖T79789,41.8,560,06
1598707945000,0087,89907,皖T79789,11.3,519,07
1598709573000,0000,25485,皖T79789,73.5,666,00
1598709316000,0068,80535,皖T79789,97.4,723,03
1598707804000,0068,21985,皖T79789,89.6,578,03
1598708781000,0048,50722,皖T79789,71.8,171,07
1598709359000,0065,13304,皖T79789,96.8,592,04
1598706685000,0056,36685,皖T79789,67.8,443,03
1598706768000,0034,41713,皖T79789,18.2,363,06
1598707213000,0072,71747,皖T79789,43.3,483,07
1598708406000,0049,53653,皖T79789,28.7,133,02
1598685657000,0087,57345,京Y01117,64.3,810,03
1598687837000,0037,07200,京Y01117,4.2,903,04
1598684459000,0090,63070,京Y01117,82.8,872,00
1598687918000,0026,75955,京Y01117,5.4,389,03
1598686858000,0048,61407,京Y01117,113.8,625,01
1598685023000,0045,32061,京Y01117,14.7,401,01
1598686644000,0025,89428,京Y01117,67.1,260,02
1598687012000,0030,40163,京Y01117,20.5,313,05
1598687513000,0037,54493,京Y01117,8.2,394,07
1598685190000,0016,98165,京Y01117,133.3,364,04
1598687095000,0070,55968,京Y01117,43.5,164,05
1598686226000,0048,29648,京Y01117,43.0,168,04
1598686221000,0095,77379,京Y01117,28.4,183,07
1598687633000,0012,29733,京Y01117,81.2,552,05
1598687306000,0080,63324,京Y01117,126.5,758,05
1598687864000,0038,32000,京Y01117,36.9,575,07
1598687107000,0027,85581,京Y01117,69.0,612,01
1598685653000,0023,08523,京Y01117,96.0,332,01
1598687249000,0084,73269,京Y01117,5.4,197,03
1598687479000,0032,01752,京Y01117,9.6,163,07
1598684800000,0022,24169,京Y01117,30.2,512,06
1598686127000,0039,74758,京Y01117,3.8,037,01
1598684894000,0006,54986,京Y01117,127.2,507,02
1598687431000,0054,16259,京Y01117,29.0,780,07
1598676982000,0074,15716,京T65405,101.1,799,07
1598675609000,0090,57967,京T65405,16.1,241,01
1598674985000,0048,93502,京T65405,13.5,531,07
1598676498000,0012,72970,京T65405,110.9,925,07
1598676312000,0079,66150,京T65405,88.6,105,06
1598676041000,0024,15590,京T65405,93.5,980,03
1598674313000,0066,09640,京T65405,85.7,632,06
1598675639000,0049,35974,京T65405,110.3,327,02
1598676659000,0086,61657,京T65405,82.1,250,07
1598677130000,0043,78815,京T65405,31.2,694,07
1598641481000,0007,93007,豫Z96441,50.2,235,00
1598642268000,0095,70185,豫Z96441,56.0,338,06
1598643156000,0006,38088,豫Z96441,48.7,852,00
1598643395000,0001,81946,豫Z96441,67.4,010,01
1598644342000,0000,27462,豫Z96441,107.8,685,03
1598641805000,0061,14921,豫Z96441,2.9,672,05
1598643595000,0063,83276,豫Z96441,52.0,373,04
1598643102000,0078,06529,豫Z96441,76.2,427,02
1598644351000,0092,62499,豫Z96441,56.2,756,06
1598644381000,0037,68670,豫Z96441,31.5,168,06
1598641585000,0000,60890,豫Z96441,65.5,796,06
1598641796000,0084,00882,豫Z96441,33.7,881,06
1598641278000,0048,40885,豫Z96441,4.7,405,03
1598642646000,0043,82193,豫Z96441,19.1,260,03
1598644084000,0069,09477,豫Z96441,32.3,584,04
1598641949000,0026,31952,豫Z96441,121.6,820,01
1598643782000,0091,43519,豫Z96441,14.9,552,02
1598644292000,0032,37040,豫Z96441,122.6,632,02
1598642326000,0025,89104,豫Z96441,73.2,952,01
1598642022000,0096,27713,豫Z96441,95.1,638,03
1598644099000,0022,55413,豫Z96441,11.3,598,00
1598641498000,0097,37098,豫Z96441,80.9,938,06
1598644005000,0043,57041,豫Z96441,82.9,986,05
1598641568000,0016,92654,豫Z96441,78.1,264,00
1598643119000,0024,87775,豫Z96441,53.8,018,01
1598643693000,0050,24945,豫Z96441,45.6,202,02
1598641212000,0090,06031,豫Z96441,111.3,262,03
1598643074000,0041,32416,豫Z96441,19.2,423,05
1598643013000,0035,70421,豫Z96441,102.1,587,01
1598645633000,0065,76983,豫Z96441,84.1,842,02
1598647291000,0097,86532,豫Z96441,48.4,966,00
1598646281000,0011,91589,豫Z96441,101.3,164,01
1598647316000,0045,79490,豫Z96441,57.6,255,03
1598646526000,0093,21554,豫Z96441,56.2,822,01
1598646452000,0056,80796,豫Z96441,76.3,983,03
1598647562000,0069,33545,豫Z96441,68.3,942,06
1598645124000,0060,77954,豫Z96441,42.4,080,02
1598647719000,0087,99993,豫Z96441,108.8,307,00
1598646439000,0069,54325,豫Z96441,17.6,463,02
1598645045000,0027,44126,豫Z96441,55.5,152,01
1598646629000,0028,77380,豫Z96441,88.5,273,06
1598647747000,0013,43109,豫Z96441,103.0,307,06
1598645068000,0045,58974,豫Z96441,61.7,056,01
1598645402000,0009,30037,豫Z96441,75.3,792,07
1598647081000,0080,40393,豫Z96441,18.3,768,01
1598646406000,0087,66097,豫Z96441,36.0,814,06
1598646133000,0073,78489,豫Z96441,57.7,210,00
1598646634000,0042,03715,豫Z96441,33.0,716,00
1598648030000,0085,38756,豫Z96441,91.5,748,01
1598645659000,0001,19835,豫Z96441,38.1,769,02
1598647030000,0006,52569,豫Z96441,42.1,611,01
1598646401000,0079,02813,豫Z96441,116.3,798,02
1598645563000,0076,54969,豫Z96441,20.9,622,01
1598647987000,0000,43809,豫Z96441,29.8,377,01
1598645234000,0018,85253,豫Z96441,59.9,177,06
1598647465000,0042,83197,豫Z96441,81.7,424,04
1598645409000,0087,45694,豫Z96441,42.9,195,03
1598645639000,0098,30470,豫Z96441,80.7,551,02
1598646402000,0085,82164,豫Z96441,37.6,269,04
1598649340000,0088,06556,豫Z96441,13.0,759,06
1598650258000,0096,84445,豫Z96441,13.3,639,00
1598648573000,0085,13099,豫Z96441,75.2,748,01
1598650853000,0045,94735,豫Z96441,85.8,993,03
1598638924000,0080,42091,鲁Y76632,41.3,548,04
1598640329000,0091,63329,鲁Y76632,31.5,546,03
1598640422000,0050,13327,鲁Y76632,58.5,455,02
1598641140000,0091,98185,鲁Y76632,169.0,533,02
1598641078000,0084,13276,鲁Y76632,32.6,241,04
1598639839000,0052,21720,鲁Y76632,93.9,883,01
1598640528000,0007,33877,鲁Y76632,86.3,856,05
1598638903000,0080,83673,鲁Y76632,99.2,240,07
1598639256000,0091,60942,鲁Y76632,176.9,744,03
1598638192000,0070,41848,鲁Y76632,108.3,258,03
1598639018000,0090,98798,鲁Y76632,57.9,257,06
1598639065000,0018,46002,鲁Y76632,43.1,169,03
1598638628000,0054,89847,鲁Y76632,115.4,108,02
1598639454000,0086,40269,鲁Y76632,12.4,757,02
1598638647000,0024,92810,鲁Y76632,131.3,760,07
1598640913000,0004,56527,鲁Y76632,12.3,600,06
1598638730000,0065,66190,鲁Y76632,93.1,957,01
1598638890000,0026,17364,鲁Y76632,17.0,889,03
1598638169000,0032,24120,鲁Y76632,63.9,931,02
1598638182000,0003,39233,鲁Y76632,151.3,241,00
1598637749000,0042,93164,鲁Y76632,93.5,497,04
1598638827000,0079,76254,鲁Y76632,105.9,870,04
1598638854000,0029,72106,鲁Y76632,110.1,837,02
1598639335000,0050,04200,鲁Y76632,95.1,507,03
1598637718000,0092,69517,鲁Y76632,61.2,451,06
1598639123000,0062,25195,鲁Y76632,85.2,864,06
1598639641000,0053,58613,鲁Y76632,36.6,461,01
1598638510000,0083,34518,鲁Y76632,64.5,539,06
1598639055000,0029,90157,鲁Y76632,134.4,695,03
1598642099000,0085,36849,鲁Y76632,20.1,731,04
1598641801000,0032,44495,鲁Y76632,63.1,637,00
1598643892000,0084,52145,鲁Y76632,29.1,564,07
1598642448000,0081,73387,鲁Y76632,97.5,074,02
1598644321000,0076,71635,鲁Y76632,1.9,452,02
1598643491000,0078,60752,鲁Y76632,31.6,238,02
1598644605000,0019,49422,鲁Y76632,80.7,210,01
1598644768000,0061,63882,鲁Y76632,47.2,557,04
1598641749000,0004,94186,鲁Y76632,12.9,942,06
1598641594000,0079,74642,鲁Y76632,39.2,808,04
1598642547000,0003,01047,鲁Y76632,96.6,248,06
1598643971000,0021,60939,鲁Y76632,39.3,289,06
1598643790000,0028,58656,鲁Y76632,153.5,745,03
1598641501000,0073,56753,鲁Y76632,27.5,503,03
1598643399000,0089,80646,鲁Y76632,24.3,480,06
1598643671000,0051,48405,鲁Y76632,39.8,819,03
1598643244000,0075,59537,鲁Y76632,67.2,074,03
1598641870000,0046,18060,鲁Y76632,119.2,077,03
1598641893000,0060,04968,鲁Y76632,8.3,394,06
1598689349000,0006,83883,京C40371,83.8,179,02
1598688314000,0074,10607,京C40371,29.1,736,06
1598691552000,0039,54503,京C40371,25.2,215,05
1598689480000,0000,29854,京C40371,102.9,265,02
1598688293000,0076,97402,京C40371,53.4,263,05
1598690087000,0049,40147,京C40371,71.1,893,06
1598688236000,0069,40222,京C40371,127.6,725,04
1598688413000,0066,31631,京C40371,89.6,549,03
1598688379000,0053,12045,京C40371,72.2,629,02
1598690860000,0081,56431,京C40371,77.8,602,04
1598690064000,0052,06117,京C40371,34.1,169,00
1598689760000,0057,40709,京C40371,11.7,724,00
1598689299000,0083,03892,京C40371,3.7,608,03
1598688644000,0064,30033,京C40371,106.1,692,06
1598690278000,0016,65462,京C40371,70.4,194,02
1598690321000,0043,78928,京C40371,66.4,999,01
1598690381000,0012,46081,京C40371,41.5,723,07
1598689870000,0001,31769,京C40371,2.0,688,04
1598690721000,0043,95210,京C40371,23.7,547,00
1598689670000,0090,20752,京C40371,28.2,296,07
1598689866000,0097,81961,京C40371,41.1,472,02
1598690380000,0099,76923,京C40371,63.0,701,01
1598689861000,0094,97889,京C40371,26.3,264,07
1598689982000,0013,07098,京C40371,54.4,868,01
1598688010000,0084,76386,京C40371,1.8,613,07
1598691083000,0046,31003,京C40371,39.9,597,00
1598690271000,0007,51575,京C40371,103.7,614,02
1598688463000,0075,01139,京C40371,105.9,985,03
1598690618000,0059,55140,京C40371,123.3,167,05
1598692303000,0041,34064,京C40371,19.2,594,00
1598692298000,0046,32656,京C40371,33.8,189,02
1598693366000,0065,50483,京C40371,29.4,608,04
1598693930000,0040,21578,京C40371,67.3,090,04
1598695054000,0003,63267,京C40371,151.8,035,07
1598694687000,0071,49262,京C40371,16.8,640,01
1598670298000,0071,71283,京F36664,98.7,788,00
1598673033000,0095,00530,京F36664,25.4,677,04
1598672535000,0022,92760,京F36664,91.1,207,01
1598670656000,0036,70008,京F36664,55.9,459,01
1598673446000,0078,94868,京F36664,44.2,553,02
1598671010000,0041,22871,京F36664,24.2,556,05
1598670833000,0044,17984,京F36664,24.9,339,02
1598673300000,0036,50436,京F36664,107.6,912,03
1598673399000,0035,10551,京F36664,37.4,905,00
1598673419000,0069,42882,京F36664,35.9,617,02
1598672945000,0041,60533,京F36664,2.9,705,05
1598672358000,0055,09160,京F36664,28.5,248,07
1598672243000,0002,14631,京F36664,17.3,866,05
1598670290000,0046,44711,京F36664,11.5,552,07
1598671951000,0032,35652,京F36664,3.5,463,00
1598671260000,0028,01362,京F36664,45.7,292,05
1598671797000,0028,86624,京F36664,47.2,367,06
1598671451000,0066,36575,京F36664,115.7,718,07
1598673351000,0010,88488,京F36664,76.2,681,07
1598672051000,0087,50482,京F36664,72.5,966,00
1598671220000,0076,29938,京F36664,5.1,761,05
1598670937000,0080,69793,京F36664,50.8,084,02
1598673012000,0098,70003,京F36664,82.0,890,06
1598671781000,0072,05531,京F36664,41.7,268,02
1598670815000,0063,57820,京F36664,70.8,919,07
1598671393000,0056,97034,京F36664,115.6,060,00
1598671567000,0067,21862,京F36664,19.0,835,05
1598671629000,0043,10144,京F36664,124.1,700,05
1598671760000,0088,72434,京F36664,22.3,545,03
1598674913000,0078,82294,京F36664,77.0,874,00
1598674016000,0004,82421,京F36664,83.9,632,04
1598676961000,0062,93240,京F36664,35.9,496,03
1598674376000,0045,55351,京F36664,124.9,567,06
1598674505000,0099,18309,京F36664,139.3,051,04
1598674354000,0037,88677,京F36664,131.1,025,01
1598673704000,0098,92539,京F36664,72.3,697,04
1598676547000,0085,93028,京F36664,111.2,293,07
1598675831000,0053,81048,京F36664,44.6,312,05
1598674609000,0000,90958,京F36664,84.5,941,03
1598674589000,0015,42820,京F36664,46.3,998,00
1598674675000,0085,16544,京F36664,34.1,736,05
1598675917000,0031,67730,京F36664,43.9,842,01
1598676322000,0010,94841,京F36664,46.8,319,02
1598675092000,0092,89901,京F36664,41.4,350,00
1598675313000,0032,95847,京F36664,122.3,137,02
1598674124000,0010,02328,京F36664,82.9,781,01
1598675800000,0079,25411,京F36664,48.9,723,01
1598675755000,0049,61687,京F36664,121.0,408,03
1598676269000,0088,54628,京F36664,56.7,616,07
1598676254000,0023,26322,京F36664,3.4,800,04
1598675771000,0058,86905,京F36664,58.8,832,06
1598674697000,0058,42272,京F36664,58.7,448,07
1598675848000,0099,67863,京F36664,118.9,913,04
1598674612000,0011,28776,京F36664,27.5,970,01
1598673607000,0040,37818,京F36664,70.2,463,04
1598675122000,0077,82507,京F36664,47.2,595,07
1598676776000,0050,22737,京F36664,82.8,065,04
1598674294000,0046,62150,京F36664,35.9,293,00
1598675637000,0049,15673,京F36664,59.9,873,06
1598678277000,0024,44796,京F36664,54.7,552,06
1598679010000,0066,73395,京F36664,16.3,359,03
1598679677000,0094,99545,京F36664,25.7,733,05
1598679247000,0090,89881,京F36664,162.9,412,06
1598679220000,0009,34618,京F36664,25.1,528,02
1598679285000,0075,40275,京F36664,175.7,366,03
1598679051000,0025,33040,京F36664,87.4,696,06
1598679991000,0054,75888,京F36664,4.2,053,01
1598679732000,0021,18092,京F36664,45.1,430,06
1598680452000,0016,20856,京F36664,63.1,433,04
1598680507000,0083,37213,京F36664,22.5,327,06
1598678591000,0012,73253,京F36664,30.4,277,05
1598680602000,0046,65821,京F36664,83.8,878,04
1598680606000,0002,95577,京F36664,100.0,460,05
1598678434000,0098,09298,京F36664,105.0,706,00
1598679528000,0004,51731,京F36664,16.2,903,06
1598678615000,0018,75512,京F36664,52.3,472,02
1598677338000,0002,32899,京F36664,25.5,296,06
1598677782000,0097,23205,京F36664,65.8,390,01
1598678882000,0048,13444,京F36664,36.2,334,01
1598677485000,0034,51117,京F36664,94.4,149,02
1598679760000,0003,20368,京F36664,51.3,814,06
1598677283000,0022,69164,京F36664,103.9,801,07
1598678161000,0088,61271,京F36664,20.9,706,02
1598677367000,0084,07147,京F36664,139.5,207,03
1598679637000,0097,99985,京F36664,57.4,121,05
1598679241000,0092,53314,京F36664,41.2,603,03
1598678388000,0063,06043,京F36664,75.0,083,02
1598677552000,0078,03428,京F36664,53.0,620,02
1598679241000,0089,86118,京F36664,24.7,679,02
1598681146000,0083,56065,京F36664,151.3,413,02
1598684396000,0079,58866,京F36664,71.6,131,04
1598683838000,0025,83245,京F36664,20.9,650,03
1598682535000,0035,23041,京F36664,94.3,327,06
1598684155000,0007,83367,京F36664,99.7,884,07
1598683336000,0097,37583,京F36664,12.6,774,04
1598681171000,0052,82940,京F36664,51.3,994,00
1598684114000,0091,99880,京F36664,48.0,715,06
1598681871000,0045,86546,京F36664,101.7,766,01
1598675587000,0035,10491,鲁N81544,100.2,341,07
1598674396000,0086,80977,鲁N81544,110.4,040,07
1598676732000,0018,15775,鲁N81544,52.5,273,03
1598674121000,0001,24006,鲁N81544,36.9,822,04
1598674531000,0063,58625,鲁N81544,21.8,113,03
1598676630000,0093,65450,鲁N81544,139.3,865,00
1598674798000,0072,71316,鲁N81544,6.9,485,04
1598674917000,0054,09171,鲁N81544,82.3,556,03
1598674543000,0082,27287,鲁N81544,51.0,374,00
1598676269000,0077,48522,鲁N81544,72.2,823,02
1598675747000,0091,56145,鲁N81544,65.1,041,05
1598676996000,0072,53942,鲁N81544,21.7,226,07
1598675009000,0003,18243,鲁N81544,160.5,073,02
1598675785000,0029,66465,鲁N81544,46.2,651,06
1598674435000,0031,94783,鲁N81544,63.1,615,03
1598675218000,0045,09882,鲁N81544,72.4,700,05
1598674769000,0028,08991,鲁N81544,57.1,463,06
1598677169000,0033,01474,鲁N81544,73.9,709,01
1598676955000,0021,20055,鲁N81544,38.4,008,02
1598676717000,0054,38187,鲁N81544,30.7,186,03
1598674212000,0044,51604,鲁N81544,1.1,599,01
1598675273000,0090,03235,鲁N81544,20.2,666,05
1598676448000,0099,45925,鲁N81544,80.5,129,03
1598675332000,0078,21975,鲁N81544,109.9,989,06
1598675866000,0099,33887,鲁N81544,100.5,539,04
1598676044000,0093,58459,鲁N81544,32.5,224,05
1598675461000,0002,37863,鲁N81544,60.0,952,02
1598673856000,0094,34894,鲁N81544,12.3,431,06
1598676962000,0009,00464,鲁N81544,23.9,855,02
1598680561000,0049,38371,鲁N81544,13.2,582,04
1598677700000,0042,14796,鲁N81544,30.9,286,06
1598678126000,0032,75715,鲁N81544,70.0,878,00
1598677311000,0012,25766,鲁N81544,50.4,359,05
1598678408000,0041,74902,鲁N81544,91.0,064,07
1598677486000,0062,09621,鲁N81544,78.1,206,00
1598680786000,0068,68937,鲁N81544,72.6,488,01
1598677660000,0038,08437,鲁N81544,67.5,364,03
1598679296000,0060,06322,鲁N81544,98.2,767,04
1598678910000,0029,04280,鲁N81544,11.8,307,06
1598680483000,0067,69303,鲁N81544,104.0,054,04
1598680148000,0028,90945,鲁N81544,178.1,214,00
1598678701000,0039,45685,鲁N81544,2.7,484,07
1598679590000,0091,05272,鲁N81544,27.1,268,00
1598680780000,0000,79013,鲁N81544,8.8,267,06
1598665772000,0017,88503,京N83358,106.0,723,01
1598663456000,0089,34834,京N83358,130.8,630,03
1598663491000,0051,81377,京N83358,46.5,388,04
1598665373000,0070,03102,京N83358,19.3,639,07
1598663871000,0044,01761,京N83358,4.4,376,02
1598663699000,0073,48526,京N83358,10.1,394,07
1598665056000,0060,90413,京N83358,30.1,320,01
1598663334000,0027,17317,京N83358,9.0,488,05
1598662902000,0067,93413,京N83358,19.3,080,07
1598663577000,0017,65954,京N83358,83.8,296,01
1598663444000,0065,43297,京N83358,64.9,171,01
1598664281000,0066,63206,京N83358,127.1,808,04
1598663858000,0031,58955,京N83358,16.3,547,02
1598663892000,0089,39866,京N83358,46.2,188,05
1598665765000,0052,65974,京N83358,15.4,899,07
1598664735000,0098,54036,京N83358,99.1,825,02
1598665403000,0037,66350,京N83358,79.2,204,04
1598664333000,0088,45408,京N83358,18.9,902,00
1598665699000,0012,04918,京N83358,20.6,536,00
1598687257000,0029,80844,京O24582,27.7,917,00
1598686151000,0006,30764,京O24582,49.1,320,04
1598687705000,0026,75645,京O24582,99.8,322,04
1598684926000,0017,27497,京O24582,15.8,142,04
1598685099000,0092,72638,京O24582,74.8,032,06
1598687582000,0092,81989,京O24582,86.6,491,05
1598687719000,0046,45195,京O24582,2.8,289,00
1598686329000,0088,40869,京O24582,120.2,022,01
1598687850000,0079,03607,京O24582,87.5,107,01
1598686984000,0096,69535,京O24582,68.3,849,02
1598686789000,0005,15660,京O24582,7.3,823,06
1598686339000,0049,54293,京O24582,61.7,223,07
1598685910000,0014,22358,京O24582,129.9,663,04
1598685315000,0022,61957,京O24582,20.7,908,05
1598684767000,0068,74214,京O24582,61.8,147,05
1598684780000,0098,17798,京O24582,92.8,535,04
1598687271000,0048,06619,京O24582,6.5,719,02
1598684575000,0005,71672,京O24582,42.1,014,06
1598685659000,0044,38915,京O24582,39.1,868,07
1598686832000,0039,03770,京O24582,31.7,350,06
1598684530000,0083,42759,京O24582,15.2,304,03
1598687126000,0004,96326,京O24582,68.9,693,00
1598687030000,0009,08814,京O24582,106.4,228,00
1598687763000,0065,28961,京O24582,101.9,502,02
1598687360000,0015,70336,京O24582,88.3,609,04
1598686368000,0016,91348,京O24582,50.4,577,05
1598687515000,0081,70835,京O24582,89.4,423,01
1598685749000,0074,81599,京O24582,83.8,909,05
1598687852000,0023,67467,京O24582,40.9,490,00
1598689790000,0067,78709,京O24582,77.9,523,03
1598690801000,0031,42691,京O24582,32.0,619,02
1598688563000,0044,74090,京O24582,9.9,505,06
1598689768000,0040,25489,京O24582,29.0,840,03
1598689866000,0089,11184,京O24582,121.7,567,00
1598689555000,0068,57422,京O24582,36.5,992,03
1598665040000,0095,22272,湘J68270,65.6,811,02
1598664208000,0025,71938,湘J68270,15.5,591,02
1598663029000,0070,90838,湘J68270,2.5,315,01
1598663806000,0025,07139,湘J68270,91.0,542,05
1598665435000,0073,38972,湘J68270,45.3,011,01
1598665590000,0068,17906,湘J68270,14.7,364,05
1598664931000,0064,32192,湘J68270,41.8,417,02
1598666023000,0072,31915,湘J68270,6.4,791,01
1598665099000,0018,49416,湘J68270,54.7,323,06
1598666222000,0073,08845,湘J68270,27.2,868,01
1598663689000,0064,52364,湘J68270,120.7,467,02
1598665077000,0059,31584,湘J68270,59.9,564,00
1598663842000,0067,57451,湘J68270,110.2,168,03
1598664618000,0041,56632,湘J68270,168.9,626,05
1598663166000,0051,98978,湘J68270,44.2,130,00
1598665823000,0079,13406,湘J68270,147.7,211,07
1598662992000,0090,82016,湘J68270,32.1,851,00
1598663391000,0080,15543,湘J68270,3.3,129,04
1598666176000,0085,85791,湘J68270,36.3,757,01
1598664315000,0051,40900,湘J68270,29.1,813,05
1598665080000,0051,51988,湘J68270,4.0,139,00
1598664174000,0031,05201,湘J68270,44.8,664,06
1598665131000,0053,91311,湘J68270,24.1,888,00
1598663387000,0002,04466,湘J68270,29.9,805,03
1598666335000,0010,59110,湘J68270,32.7,142,04
1598666073000,0006,00880,湘J68270,1.0,046,07
1598665799000,0034,50227,湘J68270,59.0,852,03
1598665062000,0040,98986,湘J68270,74.8,288,00
1598664286000,0011,12071,湘J68270,101.5,184,01
1598669246000,0000,96767,湘J68270,18.6,149,07
1598669348000,0012,87645,湘J68270,31.5,388,03
1598667034000,0022,03120,湘J68270,18.3,117,03
1598667888000,0067,01496,湘J68270,124.1,384,01
1598666546000,0002,89802,湘J68270,91.4,825,05
1598669878000,0095,51376,湘J68270,20.6,004,01
1598668555000,0050,32362,湘J68270,74.5,364,02
1598669975000,0033,47439,湘J68270,63.3,577,03
1598668282000,0033,88226,湘J68270,59.2,072,05
1598673430000,0009,53464,京V16023,9.7,537,07
1598673225000,0014,00838,京V16023,18.8,273,01
1598672552000,0028,83813,京V16023,17.9,116,00
1598673405000,0075,35758,京V16023,34.3,385,04
1598670886000,0067,22321,京V16023,27.9,521,04
1598673330000,0014,21122,京V16023,17.2,100,04
1598671576000,0083,39819,京V16023,11.4,184,00
1598671780000,0012,88258,京V16023,143.4,922,03
1598670178000,0099,82931,京V16023,4.8,543,04
1598670229000,0007,71114,京V16023,26.5,115,06
1598670140000,0056,46476,京V16023,82.9,642,05
1598670827000,0041,62220,京V16023,5.6,212,04
1598670165000,0008,72022,京V16023,68.0,488,03
1598672017000,0050,08575,京V16023,29.9,953,05
1598670951000,0037,22880,京V16023,79.6,065,01
1598672965000,0028,13476,京V16023,81.3,851,05
1598672145000,0067,76163,京V16023,27.3,895,05
1598670718000,0095,07430,京V16023,109.7,469,07
1598673517000,0003,70225,京V16023,41.6,248,06
1598670525000,0086,30728,京V16023,76.8,765,04
1598671830000,0003,66356,京V16023,2.2,902,04
1598670622000,0036,84963,京V16023,94.3,053,04
1598672799000,0058,23226,京V16023,110.0,684,02
1598671450000,0053,14997,京V16023,103.3,541,02
1598671018000,0017,43350,京V16023,15.7,597,07
1598672619000,0024,52830,京V16023,13.8,439,03
1598670528000,0097,05002,京V16023,70.3,818,01
1598673512000,0098,20812,京V16023,36.2,261,01
1598672169000,0085,38663,京V16023,163.0,992,06
1598674542000,0018,73407,京V16023,101.5,010,05
1598676812000,0036,47231,京V16023,59.6,996,06
1598674924000,0060,34735,京V16023,18.5,962,05
1598674393000,0056,42553,京V16023,14.2,156,01
1598674180000,0004,35602,京V16023,57.9,535,07
1598675051000,0033,03147,京V16023,37.3,412,06
1598676323000,0056,85346,京V16023,34.2,595,07
1598677053000,0016,86158,京V16023,73.8,585,07
1598676231000,0081,94916,京V16023,7.0,804,00
1598676549000,0093,08147,京V16023,81.0,917,01
1598677092000,0003,61164,京V16023,30.6,664,03
1598675093000,0096,90778,京V16023,105.8,696,03
1598676800000,0064,61476,京V16023,88.5,462,05
1598676726000,0044,01323,京V16023,29.7,456,04
1598675921000,0051,78068,京V16023,68.7,678,06
1598676211000,0094,16485,京V16023,59.1,701,07
1598675430000,0079,49219,京V16023,89.3,981,04
1598676118000,0085,63932,京V16023,84.2,651,05
1598676097000,0095,59812,京V16023,22.1,136,02
1598674210000,0015,94375,京V16023,75.9,925,06
1598675352000,0082,67285,京V16023,104.9,683,06
1598677109000,0080,69534,京V16023,7.3,802,07
1598675941000,0015,03114,京V16023,133.7,854,02
1598674509000,0048,30027,京V16023,54.2,847,05
1598674689000,0078,96271,京V16023,85.4,316,05
1598676582000,0042,49023,京V16023,71.1,169,01
1598675330000,0094,13939,京V16023,76.6,224,05
1598673683000,0060,16301,京V16023,44.3,821,07
1598682760000,0064,65962,京S80839,85.4,043,06
1598683966000,0061,94316,京S80839,20.3,720,05
1598682656000,0055,28343,京S80839,7.6,323,02
1598661968000,0069,47451,京I32061,76.5,946,03
1598659402000,0007,59017,京I32061,34.0,870,04
1598661200000,0064,49886,京I32061,18.8,760,05
1598662468000,0090,84053,京I32061,80.8,624,06
1598660401000,0065,77138,京I32061,147.1,419,03
1598659411000,0051,14582,京I32061,24.9,351,05
1598661230000,0091,51827,京I32061,7.9,386,06
1598659530000,0027,71464,京I32061,39.6,275,00
1598660557000,0021,12713,京I32061,39.5,652,03
1598660169000,0000,51958,京I32061,78.6,724,05
1598661964000,0050,41268,京I32061,42.9,908,00
1598662366000,0030,36992,京I32061,39.5,718,02
1598660689000,0085,91146,京I32061,71.4,252,05
1598662704000,0068,95871,京I32061,81.3,754,04
1598661425000,0053,45963,京I32061,65.8,780,01
1598661083000,0029,44684,京I32061,115.9,740,00
1598660598000,0086,22611,京I32061,100.2,693,00
1598661268000,0073,85896,京I32061,13.8,397,00
1598660791000,0038,06934,京I32061,96.9,511,02
1598662279000,0064,83709,京I32061,79.5,430,07
1598660633000,0064,67378,京I32061,118.4,243,04
1598662066000,0050,51465,京I32061,17.1,246,03
1598659240000,0049,89446,京I32061,65.4,837,03
1598659656000,0030,17380,京I32061,46.3,305,07
1598661974000,0034,86504,京I32061,61.3,514,00
1598662616000,0070,21504,京I32061,7.2,374,00
1598660824000,0005,58908,京I32061,58.7,058,05
1598661225000,0009,13397,京I32061,64.5,773,02
1598661640000,0005,57832,京I32061,64.1,002,05
1598666219000,0067,34503,京I32061,61.4,826,02
1598666288000,0058,30635,京I32061,52.3,417,00
1598665876000,0022,07432,京I32061,85.7,002,04
1598664814000,0085,14901,京I32061,117.3,525,02
1598663481000,0089,18400,京I32061,5.0,920,07
1598666336000,0014,05434,京I32061,33.8,042,00
1598665864000,0038,68691,京I32061,33.2,747,03
1598664423000,0086,76648,京I32061,63.8,503,07
1598663184000,0030,53994,京I32061,74.1,847,01
1598664887000,0029,64991,京I32061,52.3,556,04
1598666192000,0069,37842,京I32061,96.6,669,07
1598665613000,0098,63816,京I32061,7.2,555,02
1598664248000,0060,60009,京I32061,33.5,514,01
1598667742000,0055,42162,鲁P96897,62.9,793,05
1598668107000,0050,04702,鲁P96897,2.7,403,07
1598668592000,0072,45443,鲁P96897,79.7,235,00
1598669450000,0051,40043,鲁P96897,77.9,899,07
1598668582000,0067,51152,鲁P96897,15.4,242,04
1598666676000,0025,08501,鲁P96897,132.6,618,06
1598667250000,0028,46736,鲁P96897,80.3,227,03
1598667665000,0097,40848,鲁P96897,97.3,976,06
1598667238000,0006,46945,鲁P96897,82.1,565,02
1598669392000,0091,64513,鲁P96897,67.4,838,07
1598666618000,0046,66331,鲁P96897,58.6,621,02
1598669259000,0065,42654,鲁P96897,3.9,263,07
1598669013000,0046,21806,鲁P96897,160.5,714,06
1598668078000,0005,44888,鲁P96897,113.7,492,02
1598668851000,0026,73711,鲁P96897,8.4,398,07
1598668977000,0028,60097,鲁P96897,1.1,387,02
1598669383000,0070,83349,鲁P96897,13.1,697,04
1598666699000,0071,64337,鲁P96897,28.3,746,03
1598666402000,0079,81001,鲁P96897,36.0,188,02
1598669307000,0013,27947,鲁P96897,74.1,180,05
1598667001000,0047,62467,鲁P96897,19.1,623,04
1598667893000,0066,27365,鲁P96897,56.6,616,06
1598669551000,0031,24986,鲁P96897,68.0,848,04
1598669384000,0083,41741,鲁P96897,123.2,434,07
1598668095000,0048,59067,鲁P96897,91.2,601,06
1598666560000,0055,09295,鲁P96897,50.0,023,04
1598668230000,0099,09186,鲁P96897,23.4,684,02
1598667212000,0047,96668,鲁P96897,30.1,281,05
1598667996000,0047,71054,鲁P96897,86.9,614,04
1598671027000,0075,90701,鲁P96897,61.9,853,01
1598671714000,0097,25814,鲁P96897,110.7,925,05
1598672848000,0012,21486,鲁P96897,45.7,092,03
1598672283000,0037,45186,鲁P96897,55.4,696,01
1598671271000,0034,99198,鲁P96897,114.5,637,02
1598670943000,0064,86716,鲁P96897,63.0,737,04
1598673238000,0086,86202,鲁P96897,114.2,229,00
1598671946000,0087,24428,鲁P96897,97.8,129,06
1598673137000,0041,88418,鲁P96897,9.5,649,03
1598672918000,0004,29290,鲁P96897,75.6,449,02
1598639776000,0030,37368,京W30496,94.8,110,02
1598638471000,0083,49480,京W30496,8.5,822,06
1598640568000,0011,84839,京W30496,18.6,046,01
1598640709000,0055,01243,京W30496,12.1,769,05
1598639943000,0039,01172,京W30496,37.4,691,04
1598639442000,0098,56025,京W30496,32.2,425,00
1598640306000,0003,66242,京W30496,26.2,480,03
1598641124000,0092,85825,京W30496,14.9,675,02
1598638479000,0000,00277,京W30496,51.2,150,03
1598710512000,0084,44804,鲁P95160,9.2,714,01
1598712471000,0034,70013,鲁P95160,86.6,053,03
1598710794000,0049,82115,鲁P95160,7.8,169,03
1598713111000,0097,78049,鲁P95160,20.3,981,06
1598710673000,0096,67635,鲁P95160,131.7,250,07
1598712589000,0073,52017,鲁P95160,99.5,772,07
1598710833000,0077,25579,鲁P95160,107.9,598,06
1598711995000,0036,81078,鲁P95160,45.6,706,06
1598711904000,0055,12097,鲁P95160,61.3,680,04
1598712759000,0061,33979,鲁P95160,9.0,546,03
1598712481000,0084,65942,鲁P95160,72.4,053,07
1598711045000,0044,71442,鲁P95160,29.2,864,04
1598711264000,0060,32439,鲁P95160,114.7,840,05
1598711261000,0047,79356,鲁P95160,35.9,347,03
1598712717000,0091,15372,鲁P95160,64.3,014,04
1598713083000,0066,82416,鲁P95160,35.2,980,01
1598710567000,0036,19793,鲁P95160,97.0,483,05
1598712493000,0003,67035,鲁P95160,30.3,163,01
1598710830000,0043,45706,鲁P95160,82.0,047,05
1598712577000,0048,84462,鲁P95160,107.6,249,04
1598712225000,0010,20635,鲁P95160,142.3,632,02
1598712965000,0086,63358,鲁P95160,18.9,374,05
1598710066000,0029,31901,鲁P95160,33.7,365,06
1598711852000,0039,52973,鲁P95160,35.3,057,03
1598711063000,0029,60915,鲁P95160,91.2,293,03
1598711614000,0081,07055,鲁P95160,14.0,510,05
1598709651000,0066,80260,鲁P95160,3.6,930,07
1598711655000,0021,21231,鲁P95160,87.4,944,02
1598709639000,0081,43147,鲁P95160,112.7,182,00
1598714369000,0020,19193,鲁P95160,104.0,540,01
1598713823000,0004,82802,鲁P95160,40.3,655,05
1598715893000,0025,44217,鲁P95160,44.4,959,07
1598715073000,0055,21189,鲁P95160,38.4,674,03
1598715145000,0060,36648,鲁P95160,76.7,173,05
1598716637000,0068,62922,鲁P95160,2.7,562,02
1598715887000,0059,91631,鲁P95160,49.1,725,03
1598713842000,0062,35957,鲁P95160,49.9,756,02
1598713553000,0057,99885,鲁P95160,29.2,629,01
1598713533000,0079,12449,鲁P95160,26.1,592,04
1598716713000,0069,23100,鲁P95160,15.6,439,06
1598716256000,0010,80259,鲁P95160,60.2,510,02
1598716316000,0022,54360,鲁P95160,71.0,517,02
1598716723000,0045,80801,鲁P95160,90.4,179,05
1598713768000,0014,76807,鲁P95160,46.4,759,06
1598716579000,0062,90727,鲁P95160,115.5,062,04
1598716711000,0057,88669,鲁P95160,60.2,247,01
1598713367000,0070,70721,鲁P95160,109.3,244,02
1598715335000,0070,26783,鲁P95160,35.9,263,06
1598715624000,0058,28780,鲁P95160,46.3,716,02
1598713592000,0092,52304,鲁P95160,72.0,591,02
1598714352000,0096,91918,鲁P95160,65.1,575,05
1598653559000,0003,93094,京I33072,40.2,875,02
1598652375000,0050,16476,京I33072,110.2,320,00
1598653074000,0078,64991,京I33072,137.7,051,03
1598652652000,0049,50832,京I33072,195.2,996,05
1598654010000,0065,24548,京I33072,14.0,467,07
1598652489000,0024,01293,京I33072,55.8,937,04
1598653131000,0057,22818,京I33072,56.9,716,06
1598652765000,0010,37285,京I33072,84.4,651,06
1598652362000,0044,88673,京I33072,48.0,812,02
1598654394000,0025,84343,京I33072,74.4,667,05
1598653793000,0011,01064,京I33072,12.8,102,00
1598652576000,0034,68925,京I33072,19.7,287,00
1598655355000,0032,95588,京I33072,48.8,194,02
1598655432000,0090,77800,京I33072,56.8,469,00
1598652239000,0052,62000,京I33072,3.8,102,00
1598655590000,0089,63317,京I33072,82.4,908,06
1598652212000,0065,57559,京I33072,36.7,527,00
1598652969000,0001,85696,京I33072,34.7,167,01
1598655162000,0010,81981,京I33072,66.2,992,05
1598652894000,0099,45215,京I33072,133.4,175,03
1598655012000,0085,65669,京I33072,72.4,612,05
1598654563000,0030,54033,京I33072,38.0,276,07
1598652034000,0007,18196,京I33072,82.5,122,07
1598654940000,0005,77340,京I33072,81.7,808,00
1598655267000,0076,77403,京I33072,54.3,637,03
1598654341000,0083,63325,京I33072,33.7,416,03
1598655417000,0061,90074,京I33072,5.4,198,07
1598652454000,0010,05602,京I33072,20.2,080,02
1598654449000,0098,70791,京I33072,107.6,809,00
1598658851000,0013,44988,京I33072,42.8,354,04
1598657549000,0085,69207,京I33072,100.0,848,00
1598658259000,0087,73592,京I33072,14.0,595,04
1598658063000,0009,67549,京I33072,13.2,798,02
1598640772000,0036,09946,京Y42189,40.8,137,03
1598637779000,0009,69520,京Y42189,66.6,362,07
1598640112000,0022,23649,京Y42189,23.3,848,02
1598639198000,0093,19892,京Y42189,139.0,314,07
1598639263000,0088,84595,京Y42189,18.7,791,07
1598638272000,0017,11541,京Y42189,32.4,670,00
1598641031000,0081,12311,京Y42189,5.9,341,03
1598640942000,0099,54380,京Y42189,32.4,655,01
1598640012000,0056,32177,京Y42189,37.4,213,00
1598639816000,0039,06259,京Y42189,53.4,159,07
1598638391000,0090,91731,京Y42189,107.7,814,03
1598639373000,0082,18062,京Y42189,148.0,913,00
1598638774000,0044,01371,京Y42189,78.3,170,04
1598638141000,0090,77997,京Y42189,113.6,693,01
1598640223000,0035,72351,京Y42189,48.1,726,00
1598641152000,0071,91862,京Y42189,146.9,829,05
1598640590000,0069,60812,京Y42189,16.7,798,01
1598639389000,0012,83496,京Y42189,44.1,951,03
1598640296000,0065,05750,京Y42189,5.4,993,00
1598638207000,0069,03107,京Y42189,29.7,478,05
1598640602000,0000,61137,京Y42189,30.8,944,01
1598640931000,0040,33356,京Y42189,84.0,240,05
1598640876000,0014,19110,京Y42189,80.8,223,06
1598640455000,0035,78613,京Y42189,29.5,773,06
1598640539000,0055,31913,京Y42189,76.1,246,00
1598641159000,0016,67745,京Y42189,25.2,946,01
1598640125000,0026,19663,京Y42189,79.3,574,03
1598638087000,0021,92781,京Y42189,128.7,481,01
1598638192000,0087,74180,京Y42189,77.5,027,06
1598641629000,0044,95411,京Y42189,16.5,942,05
1598642933000,0078,07074,京Y42189,77.7,523,06
1598643797000,0048,23793,京Y42189,71.8,679,05
1598643016000,0025,90181,京Y42189,79.9,840,01
1598643987000,0030,98287,京Y42189,4.9,848,07
1598643071000,0024,17763,京Y42189,100.1,024,05
1598641909000,0094,13670,京Y42189,117.1,370,00
1598642139000,0073,99265,京Y42189,107.3,927,07
1598683945000,0074,73261,湘S76269,67.5,703,07
1598681764000,0097,44303,湘S76269,78.4,587,01
1598682962000,0008,39690,湘S76269,39.3,535,07
1598681445000,0089,62015,湘S76269,87.2,909,05
1598684386000,0042,09786,湘S76269,38.8,276,05
1598682115000,0048,44079,湘S76269,13.1,736,07
1598684133000,0079,77261,湘S76269,45.4,175,02
1598681145000,0028,39019,湘S76269,25.2,959,00
1598684032000,0005,83873,湘S76269,38.8,984,04
1598646151000,0081,07325,京R74339,71.0,704,03
1598645661000,0009,02710,京R74339,78.3,665,01
1598645539000,0016,27393,京R74339,38.7,387,05
1598646413000,0061,11599,京R74339,30.8,811,05
1598648118000,0033,98457,京R74339,55.8,252,02
1598648295000,0059,16792,京R74339,118.3,026,04
1598646108000,0022,30060,京R74339,37.6,050,06
1598647893000,0094,53638,京R74339,59.9,141,06
1598645703000,0059,21277,京R74339,126.4,854,03
1598647799000,0092,24285,京R74339,35.0,531,03
1598648362000,0079,68603,京R74339,53.4,368,00
1598647003000,0017,57175,京R74339,3.4,657,05
1598647924000,0038,40669,京R74339,45.1,917,05
1598646886000,0007,26380,京R74339,113.1,936,06
1598647665000,0078,06420,京R74339,79.2,527,06
1598646029000,0012,19764,京R74339,121.6,966,05
1598648100000,0042,59362,京R74339,70.1,441,02
1598645197000,0077,74672,京R74339,31.3,046,01
1598645902000,0024,02352,京R74339,39.9,013,00
1598645460000,0003,26767,京R74339,61.1,581,00
1598646178000,0000,68837,京R74339,38.9,685,01
1598647036000,0035,27028,京R74339,70.2,083,02
1598646430000,0066,84218,京R74339,53.9,674,01
1598646477000,0059,62750,京R74339,15.4,028,01
1598645235000,0014,80274,京R74339,39.9,996,06
1598647907000,0008,45000,京R74339,54.0,401,03
1598645606000,0023,40622,京R74339,74.4,207,04
1598647015000,0056,40727,京R74339,18.3,023,07
1598647256000,0028,05318,京R74339,41.9,694,05
1598648980000,0052,08571,京R74339,39.0,642,05
1598651247000,0007,66908,京R74339,93.3,223,05
1598649130000,0008,34165,京R74339,22.4,471,05
1598648766000,0076,70290,京R74339,65.2,786,00
1598650998000,0095,18496,京R74339,52.3,140,00
1598651490000,0051,97987,京R74339,74.1,431,01
1598650812000,0078,61426,京R74339,138.0,382,02
1598704241000,0076,24309,皖Z67456,38.8,778,03
1598702810000,0000,08751,皖Z67456,93.9,912,06
1598705978000,0081,80892,皖Z67456,24.1,582,02
1598705550000,0087,18487,皖Z67456,66.6,495,02
1598705044000,0009,03684,皖Z67456,71.3,848,06
1598702449000,0052,56384,皖Z67456,18.4,341,07
1598705790000,0096,21254,皖Z67456,64.7,214,00
1598705397000,0027,35977,皖Z67456,45.6,345,04
1598705943000,0003,35858,皖Z67456,56.6,413,02
1598703529000,0095,85840,皖Z67456,121.5,276,05
1598703375000,0012,60293,皖Z67456,28.9,514,04
1598705541000,0078,42648,皖Z67456,74.9,398,00
1598704576000,0061,73376,皖Z67456,65.7,697,07
1598704681000,0043,00781,皖Z67456,51.0,263,04
1598703524000,0039,29597,皖Z67456,84.8,685,01
1598703485000,0016,99660,皖Z67456,27.8,797,02
1598704190000,0060,86917,皖Z67456,52.5,822,06
1598704188000,0059,69447,皖Z67456,75.0,718,05
1598703535000,0062,28260,皖Z67456,50.0,064,05
1598703907000,0052,00748,皖Z67456,19.2,074,00
1598704696000,0079,60614,皖Z67456,15.1,749,06
1598702917000,0037,73965,皖Z67456,8.5,967,06
1598704058000,0094,30690,皖Z67456,46.1,833,07
1598703954000,0037,16483,皖Z67456,28.3,385,05
1598702838000,0044,69115,皖Z67456,47.3,790,04
1598703625000,0016,96437,皖Z67456,33.3,078,01
1598702527000,0016,64944,皖Z67456,62.1,436,05
1598704768000,0093,49565,皖Z67456,48.1,907,03
1598704402000,0002,22961,皖Z67456,74.5,607,05
1598709110000,0099,68530,皖Z67456,133.7,733,04
1598707028000,0046,37721,皖Z67456,17.2,149,02
1598707508000,0078,47048,皖Z67456,57.1,823,07
1598709254000,0069,48387,皖Z67456,57.1,386,00
1598707773000,0005,37756,皖Z67456,119.1,235,07
1598707982000,0088,20636,皖Z67456,30.1,218,07
1598706659000,0016,88084,皖Z67456,50.8,616,05
1598706523000,0025,76928,皖Z67456,8.7,170,02
1598706292000,0087,48844,皖Z67456,90.2,512,00
1598706280000,0009,55145,皖Z67456,59.6,588,01
1598706665000,0038,53300,皖Z67456,48.5,172,05
1598706918000,0052,95017,皖Z67456,107.0,382,05
1598709431000,0030,85853,皖Z67456,39.6,950,05
1598709460000,0096,50336,皖Z67456,99.4,917,05
1598709328000,0066,89883,皖Z67456,8.0,265,01
1598644139000,0074,99559,京F02220,71.3,129,02
1598641768000,0024,69857,京F02220,89.0,159,02
1598642522000,0036,49141,京F02220,54.3,362,03
1598642429000,0016,02239,京F02220,16.3,873,07
1598642606000,0074,18721,京F02220,55.1,918,05
1598644251000,0083,00989,京F02220,83.6,004,06
1598643654000,0092,32084,京F02220,43.5,898,06
1598641251000,0032,40979,京F02220,59.2,615,02
1598644045000,0029,18275,京F02220,122.0,137,02
1598644298000,0076,98458,京F02220,84.6,740,00
1598643253000,0034,18727,京F02220,69.8,963,03
1598642838000,0058,57142,京F02220,6.2,811,02
1598641591000,0010,20080,京F02220,19.3,655,07
1598642970000,0013,88637,京F02220,29.9,401,04
1598641369000,0008,34081,京F02220,84.6,429,02
1598641658000,0039,38232,京F02220,54.4,453,06
1598642140000,0011,01854,京F02220,89.7,908,04
1598643350000,0099,76014,京F02220,85.0,134,04
1598643830000,0031,01353,京F02220,100.6,061,06
1598641503000,0059,69961,京F02220,32.7,123,07
1598642719000,0013,31860,京F02220,132.9,619,00
1598644774000,0092,08313,京F02220,66.5,239,07
1598644517000,0034,96728,京F02220,19.2,952,07
1598642081000,0012,89756,京F02220,40.7,313,01
1598644566000,0058,88364,京F02220,61.6,133,07
1598643318000,0053,07016,京F02220,12.3,917,06
1598643279000,0008,91290,京F02220,22.6,790,07
1598641702000,0029,59496,京F02220,47.0,593,01
1598644614000,0009,67219,京F02220,79.7,120,07
1598645382000,0002,60778,京F02220,38.3,119,04
1598645349000,0009,94473,京F02220,72.7,607,01
1598646722000,0019,44290,京F02220,63.1,178,04
1598647698000,0018,05573,京F02220,52.5,744,01
1598645060000,0038,80207,京F02220,81.6,592,05
1598645072000,0042,32150,京F02220,116.3,872,02
1598645416000,0025,46404,京F02220,1.7,356,01
1598645101000,0093,31474,京F02220,79.9,008,02
1598645163000,0088,88074,京F02220,53.5,342,07
1598646348000,0099,04993,京F02220,52.0,430,04
1598646264000,0072,80522,京F02220,10.1,456,05
1598647990000,0099,16251,京F02220,71.3,152,05
1598645816000,0085,96783,京F02220,77.4,111,04
1598647464000,0079,10076,京F02220,33.6,192,03
1598646490000,0051,52080,京F02220,6.0,124,07
1598647829000,0032,32086,京F02220,2.3,934,05
1598645383000,0076,13747,京F02220,98.6,533,06
1598644967000,0016,07116,京F02220,61.6,319,03
1598647081000,0075,87253,京F02220,106.1,131,01
1598645828000,0028,30567,京F02220,64.5,857,05
1598646265000,0093,55408,京F02220,111.4,257,05
1598647596000,0024,68520,京F02220,97.2,671,00
1598647955000,0019,62620,京F02220,93.1,535,07
1598647624000,0070,76357,京F02220,86.6,288,02
1598647802000,0015,48894,京F02220,36.6,578,05
1598645729000,0050,07833,京F02220,20.4,214,04
1598645890000,0017,33575,京F02220,27.6,970,04
1598644839000,0072,31644,京F02220,36.5,662,02
1598645843000,0078,66267,京F02220,70.7,391,00
1598670106000,0010,07593,鲁T17740,62.0,259,07
1598671880000,0072,87091,鲁T17740,138.5,676,01
1598673041000,0049,64350,鲁T17740,70.2,063,02
1598670576000,0008,26631,鲁T17740,95.3,585,05
1598670570000,0033,18456,鲁T17740,73.4,671,03
1598670712000,0036,39312,鲁T17740,5.0,719,00
1598670245000,0034,14696,鲁T17740,100.6,429,03
1598670431000,0025,45990,鲁T17740,6.3,101,01
1598673378000,0025,88987,鲁T17740,77.9,785,04
1598671502000,0084,38036,鲁T17740,31.2,865,01
1598672214000,0072,65141,鲁T17740,95.0,751,03
1598673175000,0049,53856,鲁T17740,78.6,886,06
1598672303000,0070,06174,鲁T17740,67.0,381,05
1598671499000,0088,36302,鲁T17740,52.1,104,00
1598673253000,0071,73250,鲁T17740,66.9,815,06
1598670096000,0048,91850,鲁T17740,63.0,738,00
1598671057000,0018,72159,鲁T17740,69.8,961,04
1598672403000,0085,38668,鲁T17740,52.4,578,00
1598673511000,0016,18494,鲁T17740,176.2,176,04
1598670618000,0004,59839,鲁T17740,50.9,985,03
1598672683000,0022,81388,鲁T17740,96.1,253,04
1598673242000,0079,69827,鲁T17740,95.0,961,06
1598670640000,0087,30571,鲁T17740,65.4,360,01
1598670140000,0000,41976,鲁T17740,97.6,573,03
1598673166000,0071,48841,鲁T17740,37.9,613,03
1598670178000,0038,69188,鲁T17740,70.8,583,01
1598654331000,0021,28594,京F74796,85.5,469,05
1598654221000,0098,30906,京F74796,19.8,846,01
1598653247000,0016,82220,京F74796,54.3,125,05
1598652756000,0029,89987,京F74796,84.5,287,01
1598653454000,0008,76078,京F74796,145.2,989,05
1598652905000,0057,40205,京F74796,67.6,926,05
1598655417000,0057,13231,京F74796,141.1,050,00
1598655217000,0071,19391,京F74796,8.6,578,03
1598652901000,0017,28437,京F74796,64.6,175,02
1598652716000,0045,04196,京F74796,110.9,654,03
1598654618000,0015,41673,京F74796,22.5,539,00
1598652230000,0018,45647,京F74796,113.1,897,06
1598654050000,0032,25451,京F74796,39.2,935,03
1598655014000,0081,87813,京F74796,10.4,591,02
1598655156000,0009,98702,京F74796,24.5,842,06